10
0.840187717154709524
0.394382926819093038
0.783099223758605856
0.798440033476073285
0.911647357936784308
0.197551369293383960
0.335222755714889020
0.768229594811904004
0.277774710803187774
0.553969955795430513
0.477397051862160249
0.628870924761924410
0.364784472791843339
0.513400910195615512
0.952229725174712827
0.916195068003700652
0.635711727959900941
0.717296929432683084
0.141602555355803378
0.606968876257058643
0.016300571624329581
0.242886770629736959
0.137231576786018716
0.804176754226990420
0.156679089254084553
0.400944394246183500
0.129790446781455737
0.108808802025769286
0.998924518003558970
0.218256905310906885
0.512932394404398417
0.839112234692607206
0.612639832595661238
0.296031617697343041
0.637552267703019204
0.524287190066784259
0.493582986990727002
0.972775023883569512
0.292516784413027031
0.771357697793914832
0.526744979213338849
0.769913836275187280
0.400228622090177899
0.891529452005182188
0.283314746005141505
0.352458347264890726
0.807724520008882729
0.919026473965042445
0.069755276231912564
0.949327075364686079
0.525995350222101088
0.086055847856242138
0.192213845994423066
0.663226927008119804
0.890232602548893803
0.348892935248507619
0.064171320788642072
0.020023048864688281
0.457701737274276876
0.063095838326539769
0.238279954175595166
0.970634131678675405
0.902208073484808248
0.850919786771256348
0.266665749376018391
0.539760340722166165
0.375206976372379319
0.760248736366745392
0.512535364140074390
0.667723760785406295
0.531606434160660224
0.039280343353413204
0.437637596594932288
0.931835056250838178
0.930809795358595315
0.720952343065735080
0.284293403050067561
0.738534314901816757
0.639978816565116349
0.354048679747641426
0.687861390266502948
0.165974166321556149
0.440104527603883522
0.880075236260925986
0.829201093329675953
0.330337129687116093
0.228968171043772317
0.893372414583979313
0.350360178551804347
0.686669908318049194
0.956468252910519179
0.588640133193060855
0.657304039531063311
0.858676325929666140
0.439559919498655916
0.923969788907081702
0.398436666651832250
0.814766896336696522
0.684218525273827094
0.910972030791906695
0.482490656656441586
0.215824958968826086
0.950252374145319822
0.920128253717035216
0.147660014754002922
0.881062169503915249
0.641080596317109008
0.431953418269731770
0.619596483940070719
0.281059412416564014
